parking_spaces = [[(76, 353), (135, 452), (245, 454), (163, 351)], [(163, 351), (248, 458), (335, 451), (256, 349)], [(256, 349), (339, 456), (434, 450), (354, 349)], [(354, 349), (435, 453), (530, 450), (452, 346)], [(452, 346), (532, 454), (633, 454), (549, 346)], [(549, 346), (637, 456), (737, 454), (646, 344)], [(646, 344), (738, 459), (832, 451), (749, 346)], [(749, 346), (835, 453), (934, 455), (850, 345)], [(850, 345), (938, 452), (1038, 450), (954, 345)], [(954, 345), (1039, 452), (1143, 454), (1055, 342)], [(1055, 342), (1146, 451), (1246, 448), (1161, 346)], [(1161, 346), (1243, 452), (1346, 452), (1264, 347)], [(1264, 347), (1345, 451), (1450, 456), (1363, 346)], [(1363, 346), (1452, 455), (1553, 452), (1466, 347)], [(1466, 347), (1550, 453), (1647, 453), (1570, 352)], [(1570, 352), (1651, 450), (1750, 452), (1668, 353)], [(1668, 353), (1750, 457), (1840, 452), (1767, 349)], [(1767, 350), (1840, 450), (1913, 453), (1863, 352)], [(14, 673), (129, 800), (225, 804), (108, 672)], [(108, 672), (225, 806), (313, 803), (196, 677)], [(196, 677), (314, 806), (397, 800), (285, 675)], [(285, 675), (400, 808), (498, 808), (381, 683)], [(381, 683), (500, 812), (591, 813), (473, 680)], [(473, 680), (593, 810), (691, 811), (564, 678)], [(564, 678), (693, 813), (785, 813), (664, 685)], [(664, 685), (788, 817), (883, 814), (758, 682)], [(758, 682), (885, 817), (978, 813), (856, 687)], [(856, 687), (979, 810), (1084, 819), (953, 685)], [(953, 685), (1084, 818), (1177, 817), (1054, 688)], [(1054, 688), (1178, 817), (1274, 814), (1155, 689)], [(1155, 689), (1276, 817), (1372, 817), (1249, 686)], [(1249, 686), (1377, 816), (1468, 815), (1349, 689)], [(1349, 689), (1472, 810), (1574, 818), (1453, 688)], [(1453, 688), (1579, 821), (1665, 816), (1544, 688)], [(1544, 688), (1666, 814), (1715, 769), (1654, 688)]]


model = YOLO("/Users/wjm/Documents/ParkingLotAI/runs/detect/train16/weights/best.pt ")

# 0: TL    1: BL    2: BR    3: TR
        # 0   3
        #
        #   1   2


car_lot_video15 = [[(76, 353), (135, 452), (245, 454), (163, 351)], [(163, 351), (248, 458), (335, 451), (256, 349)], [(256, 349), (339, 456), (434, 450), (354, 349)], [(354, 349), (435, 453), (530, 450), (452, 346)], [(452, 346), (532, 454), (633, 454), (549, 346)], [(549, 346), (637, 456), (737, 454), (646, 344)], [(646, 344), (738, 459), (832, 451), (749, 346)], [(749, 346), (835, 453), (934, 455), (850, 345)], [(850, 345), (938, 452), (1038, 450), (954, 345)], [(954, 345), (1039, 452), (1143, 454), (1055, 342)], [(1055, 342), (1146, 451), (1246, 448), (1161, 346)], [(1161, 346), (1243, 452), (1346, 452), (1264, 347)], [(1264, 347), (1345, 451), (1450, 456), (1363, 346)], [(1363, 346), (1452, 455), (1553, 452), (1466, 347)], [(1466, 347), (1550, 453), (1647, 453), (1570, 352)], [(1570, 352), (1651, 450), (1750, 452), (1668, 353)], [(1668, 353), (1750, 457), (1840, 452), (1767, 349)], [(1767, 350), (1840, 450), (1913, 453), (1863, 352)], [(14, 673), (129, 800), (225, 804), (108, 672)], [(108, 672), (225, 806), (313, 803), (196, 677)], [(196, 677), (314, 806), (397, 800), (285, 675)], [(285, 675), (400, 808), (498, 808), (381, 683)], [(381, 683), (500, 812), (591, 813), (473, 680)], [(473, 680), (593, 810), (691, 811), (564, 678)], [(564, 678), (693, 813), (785, 813), (664, 685)], [(664, 685), (788, 817), (883, 814), (758, 682)], [(758, 682), (885, 817), (978, 813), (856, 687)], [(856, 687), (979, 810), (1084, 819), (953, 685)], [(953, 685), (1084, 818), (1177, 817), (1054, 688)], [(1054, 688), (1178, 817), (1274, 814), (1155, 689)], [(1155, 689), (1276, 817), (1372, 817), (1249, 686)], [(1249, 686), (1377, 816), (1468, 815), (1349, 689)], [(1349, 689), (1472, 810), (1574, 818), (1453, 688)], [(1453, 688), (1579, 821), (1665, 816), (1544, 688)], [(1544, 688), (1666, 814), (1715, 769), (1654, 688)]]


parking_loop = [[(62, 3), (66, 59), (203, 56), (203, 2)], [(203, 2), (206, 55), (337, 56), (338, 3)], [(69, 59), (71, 117), (204, 115), (205, 54)], [(205, 54), (207, 117), (337, 113), (338, 53)], [(72, 117), (73, 177), (205, 175), (205, 115)], [(205, 115), (206, 177), (338, 174), (338, 112)], [(75, 175), (75, 236), (206, 233), (205, 174)], [(205, 174), (207, 235), (339, 234), (338, 174)], [(75, 236), (72, 296), (206, 294), (207, 234)], [(207, 234), (209, 294), (342, 294), (341, 232)], [(74, 296), (75, 356), (209, 354), (209, 293)], [(206, 295), (209, 353), (340, 353), (341, 294)], [(76, 355), (76, 417), (208, 415), (210, 353)], [(210, 353), (211, 415), (339, 413), (339, 354)]]
